111111111
100000001
1001D1001
100000001
1000N0001
111111111

1111111111111
1000000000001
1001D10000001
1000000000001
1000N00000001
1111111111111

  1
 101
10N01
 101
  1

111
101
10111
100W1
11111


		1111111111111111111111111
		1000000000110000000000001
		1011000001110000000000001
		1001000000000000000000001
111111111011000001110000000000001
100000000011000001110111111111111
11110111011111011100000010001
1111D111D11111011101010010001
11000000000101011100000010001
10001000000000001100000010001
1000D000N00000001101010010001
1100100111010101111101111000111
11110111 1110101 101111010001
11111111 1111111 111111111111


111111111111111111111111111111111111111111111111111111111
100000000000000000000000000000000000000000000000000000001
100000000000000000000000000000000000000000000000000000001
100000000000000000000000000000000000000000000000000000001
100000000000000000000000000000000000000000000000000000001
100000000000000000000000000000000000000000000000000000001
100000000000000000000000000000000000000000000000000000001
100000000000000000000000000000000000000000000000000000001
100000000000000000000000000000000000000000000000000000001
10000000000000000000000001D100000000000000000000000000001
100000000010000000000000000000000000000000000000000000001
1000000000D0000000000000000000000000000000000000000000001
100000000010000000000000000000000000000000000000000000001
100000000000000000000000000000000001D10000000000000000001
100000000000000000000000000000000000000000000000000000001
10000000000000000000000000N000000000000000000000000000001
100000000000000000000000000000000000000000000000000000001
100000000000000000000000000000000000000000000000000000001
100000000000000000000000000000000000000000000000000000001
100000000000000000000000000000000000000000000000000000001
100000000000000000000000000000000000000000000000000000001
111111111111111111111111111111111111111111111111111111111